1	11905784	T	G	30659175	rs12565	0				0.9758254	11.6694	2.25724	17.8677	0.955690352	19.5448	0.98239	22.2231	1.138576966	14.116	1.806274976	26.1736	0.523795122	13.2087	0.999999936	15.4627	0.686	9.0744	0.989	22.8892	0.98042	32.911	0.164107	15.4289	0.956581	31.7021	0.747926	15.3085	-0.452776	3.665	0.9968	23.1726	0.326901	16.3646	99.749	26.0489	-0.43678	4.8248	0.978	14.3626	ori	0	THREE_PRIME_UTR_EXON_VARIANT	1_11856152_11918136	-2147483648
1	101184877	A	G	"30659175, HGMD"	rs3783605	0				0.8511799	7.6267	-0.231498	0.9426	0.474977236	1.2843	0.17611	5.8079	0.313910615	5.1665	0.098119745	6.6623	-0.135674314	5.7326	0.997421388	6.9534	0.523	6.3669	0.008	0.5574	0.219605	14.2228	0.072015	5.2683	0.261655	14.6191	0.268088	0.4033	0.473023	2.9713	0.9613	13.2801	0.083666	5.927	85.6861	8.4872	-0.14546	12.8856	-0.771	0.4827	ori	0	UPSTREAM_GENE_VARIANT	1_101175297_101214601	420
1	209878286	G	A	30659175	rs13306421	1.33E-04				0.9963648	18.245	1.427361	12.9123	0.856953921	10.9686	0.81943	13.324	0.187740611	4.1793	0.773421531	14.0706	0.00974866	9.0093	0.996873348	6.8239	0.379	4.5406	0.592	6.7809	0.509817	17.5279	0.081118	7.33	0.710641	21.2285	0.958477	29.6036	-4.5446	8.8085	0.9819	16.1017	0.104859	6.3927	95.3246	13.3466	-0.0516	19.5112	0.905	10.3519	ori	1.33E-04	FIVE_PRIME_UTR_EXON_VARIANT	1_209824708_209907470	-2147483648
3	9791918	G	C	30659175	rs56387615	0				0.49910906	4.9811	-0.18636	1.1735	0.41658905	0.8606	0.36027	10.354	1.259925037	15.2835	-0.152407385	3.201	1.440742887	16.3393	1	99.3328	0.963	22.3732	0.66	8.2328	0.0693842	8.5228	0.091334	8.6882	0.115699	8.0973	0.621518	4.5601	-9.37066	18.2318	0.9489	12.2567	0.181967	14.519	87.3678	9.03	-0.17203	11.5333	-0.4	0.9562	ori	0	FIVE_PRIME_UTR_EXON_VARIANT	3_9763412_9799699	-2147483648
3	9791948	A	G	30659175	rs1801129	1.34E-04				0.6287089	5.7205	0.227288	4.9832	0.359616504	0.5295	0.34967	10.2387	2.235949184	25.9903	0.061874779	6.0965	1.309287744	15.9733	1	99.3328	0.935	18.7953	0.718	9.6943	0.118177	11.5269	0.091334	8.6882	0.037803	2.2356	0.530538	2.0156	-9.89739	19.0975	0.9669	13.8539	0.181967	14.519	92.247	11.1501	-0.11854	14.4616	-0.906	0.3769	ori	1.34E-04	FIVE_PRIME_UTR_EXON_VARIANT	3_9763412_9799699	-2147483648
3	9791953	G	T	"30659175, HGMD"	rs1801126	2.00E-04				0.98248833	12.5143	0.640638	8.4826	0.857088633	10.9774	0.61159	12.087	2.325933037	26.7822	0.879097898	14.7561	1.439367311	16.3355	1	20.999	0.947	20.0832	0.974	19.6973	0.118177	11.5269	0.091334	8.6882	0.138211	10.0472	0.713862	11.0122	-9.89739	19.0975	0.9477	12.1717	0.40287	19.4405	91.191	10.5955	-0.11846	14.4666	-0.632	0.608	ori	2.00E-04	FIVE_PRIME_UTR_EXON_VARIANT	3_9763412_9799699	-2147483648
3	37035012	C	A	"30659175, 30744685_table1, 29483654, ClinVar+Genomiser"	rs587779001	0				0.994058	15.8161	1.128549	11.3598	0.701940683	4.3919	0.5005	11.4575	2.219084082	25.8548	2.063084925	30.2891	7.782301599	38.6656	1	99.3328	0.897	15.864	0.941	17.2591	0.190358	13.7755	0.077175	6.1282	0.114982	8.0336	0.652938	6.1378	-14.3126	24.0429	0.9532	12.5817	0.134608	9.8105	94.5148	12.6529	-0.12764	13.9051	0.43	5.9249	ori	0	FIVE_PRIME_UTR_EXON_VARIANT	3_37016533_37044622	-2147483648
5	147211355	C	T	"30744685_table1, 30659175"	rs191068215	1.33E-04				0.47323292	4.8421	0.13167	3.9609	0.605455342	2.618	0.1271	3.3296	0.647909408	7.9393	-0.189773044	2.7953	-0.130454164	5.9596	0.999980921	11.2445	0.469	5.6254	0.65	8.0014	0.111626	11.1856	0.070891	5.2598	0.461159	17.7141	0.505945	1.6458	4.15023	1.3708	0.8701	8.653	0.104859	6.3927	85.3847	8.3967	-0.54231	4.0329	-0.929	0.3502	ori	1.33E-04	UPSTREAM_GENE_VARIANT	5_147194130_147221349	7225
6	1610252	C	G	ClinVar+Genomiser	rs77888940	0				0.99329174	15.348	1.673209	14.238	0.859683898	11.1481	0.56459	11.8326	0.492100607	6.1937	2.279777816	33.1154	5.615775791	28.7047	0.999999969	15.89	0.373	4.4737	0.945	17.4598	0.340865	15.9013	0.167156	16.162	0.118979	8.406	0.658276	6.4347	.	0	0.9944	20.7781	0.40287	19.4405	95.4572	13.4716	.	0	0.507	6.4344	ori	0	UPSTREAM_GENE_VARIANT	6_1591888_1617589	428
6	88299677	T	C	"ClinVar+Genomiser, 30744685_table1, 29483654"	rs201150141	6.66E-05				0.48975277	4.9307	0.2309	5.0207	0.646326174	3.2427	0.22415	7.7881	1.093394223	13.434	1.528583024	20.6668	6.355639973	31.8945	1	22.3178	0.946	19.965	0.524	5.5907	0.126359	11.9554	0.046624	0.3056	0.174648	11.9641	0.940869	28.9104	-9.19165	17.9193	0.9439	11.9118	0.158777	11.3016	96.2425	14.2958	-0.18978	10.7276	-0.972	0.3005	ori	6.66E-05	FIVE_PRIME_UTR_EXON_VARIANT	6_88213655_88309705	-2147483648
11	5248393	G	A	"30659175, 30744685_table1, 29483654, HGMD"	rs34883338	0				0.9838702	12.7378	1.134697	11.3922	0.614120294	2.7381	0.96945	18.5511	0.956273639	11.8646	1.27381972	17.5791	0.384519676	12.4786	0.895537019	5.2605	0.302	3.6833	0.968	19.0617	0.732109	18.844	0.061782	4.353	0.870323	25.3935	0.721574	11.8905	6.93903	0.9094	0.9786	15.4735	0.083666	5.927	95.4738	13.4875	-0.73977	3.5168	0.761	8.3189	ori	0	FIVE_PRIME_UTR_INTRON_VARIANT	11_5235538_5256691	-2147483648
11	102596480	A	C	HGMD	rs11225395	0				0.05336003	1.7559	-0.135463	1.4836	0.619891928	2.8214	0.17827	5.9122	0.187740611	4.1793	-0.078833599	4.0832	-0.148047913	5.1254	0.062032343	3.5138	0.34	4.1079	0.01	0.6259	0.0493528	4.9382	0.053666	1.8046	0.031262	1.6871	0.683339	8.1233	4.4583	1.2976	0.6032	4.0374	0.070977	4.8176	18.2842	0.9217	-0.39229	5.3672	-0.12	1.9161	ori	0	FIVE_PRIME_UTR_INTRON_VARIANT	11_102572526_102607781	-2147483648
12	52308396	G	C	30744685_table1	rs201378973	0				0.045205884	1.6063	-0.08816	1.8235	0.673429193	3.7507	0.22391	7.7801	0.520092987	6.3543	0.014504687	5.3797	-0.1437756	5.3459	0.999953117	10.5357	0.775	10.984	0.724	9.8571	0.0751559	8.9958	0.044488	0.2986	0.077999	4.8981	0.485336	1.4061	-1.73177	4.8823	0.8773	8.8812	0.167544	12.3532	76.7057	6.3723	-0.211	9.8547	-0.971	0.3015	ori	0	CODING_TRANSCRIPT_INTRON_VARIANT	12_52290691_52327145	-2147483648
16	67520735	C	T	HGMD	rs8047574	8.00E-04				0.29890043	3.891	0.19949	4.6908	0.402662344	0.7709	0.1191	2.945	0.18521432	4.0582	-0.105024102	3.755	0.185351019	11.1305	1	20.6431	0.949	20.3262	0.739	10.2742	0.063092	7.7183	0.109065	12.0319	0.028374	1.4272	0.517882	1.8123	-1.42171	4.5578	0.91	10.1059	0.11671	8.0201	23.8377	1.2274	-0.46181	4.582	0.552	6.7341	ori	8.00E-04	UPSTREAM_GENE_VARIANT	16_67461916_67525084	4262
16	72088461	A	C	HGMD	rs5471	6.66E-05				0.95066583	9.9651	-0.232982	0.9357	0.582168526	2.321	0.3483	10.2233	1.726902984	20.644	1.391526626	18.8066	4.015267934	23.287	0.999999999	18.2174	0.908	16.587	0.704	9.3231	0.162875	13.1941	0.065702	5.0315	0.160286	11.2848	0.685426	8.2847	.	0	0.9467	12.0995	0.067171	4.4922	72.0698	5.584	-0.76344	3.4931	0.84	9.1531	ori	6.66E-05	CODING_TRANSCRIPT_INTRON_VARIANT	16_72068187_72138330	-2147483648
17	69108655	A	G	30659175	rs1859961	6.66E-05				0.9209329	8.9312	2.548802	19.7635	0.769871876	6.5097	0.98462	23.1471	0.808001068	9.8685	1.639069507	22.5505	0.093578527	10.1714	0.311076602	4.2071	0.222	2.7728	0.982	20.8842	0.939323	22.744	0.061782	4.353	0.812986	23.4627	0.780022	20.0049	-1.79156	4.9472	0.9924	19.533	0.050979	3.4002	96.9422	15.1908	-0.32729	6.4836	-0.955	0.3183	ori	6.66E-05	INTERGENIC_VARIANT	17_69083914_69208344	508463
19	49468616	G	C	"30744685_table1, 29483654, ClinVar+Genomiser, HGMD"	rs398124638	0				0.9769786	11.7943	2.726165	20.8529	0.931788547	16.8468	0.99915	41.5186	2.277988537	26.4297	3.670988918	53.4712	8.854075008	43.9485	1	99.3328	0.704	9.4127	0.994	26.2316	0.975902	29.8144	0.091334	8.6882	0.995285	52.5316	0.729652	12.8595	-18.9641	28.058	0.9995	31.363	0.158777	11.3016	99.9932	41.7515	-0.02922	21.5935	0.742	8.1492	ori	0	FIVE_PRIME_UTR_EXON_VARIANT	19_49448071_49475055	-2147483648
20	23030292	C	A	"ClinVar+Genomiser, 30744685_table1"	rs16984852	0				0.26944506	3.7159	1.531298	13.4614	0.841187052	9.9818	0.37214	10.4751	0.372954931	5.5612	1.676387926	23.2946	4.708091959	25.3742	1	19.3638	0.495	5.9712	0.963	18.6224	0.151167	12.7651	0.167156	16.162	0.116177	8.143	0.672052	7.2983	-15.1788	24.7884	0.975	14.8938	0.164339	11.5771	94.0641	12.31	-0.13942	13.2194	-0.403	0.95	ori	0	FIVE_PRIME_UTR_EXON_VARIANT	20_23016269_23040378	-2147483648